1734305943.500813
1734305948.7367063
1734305948.8759768
1734305949.0116584
1734305949.1482193
1734305949.2981024
1734305949.440663
1734305949.5665004
1734305949.692391
1734305949.830109
1734305949.958097
1734305950.0913072
1734305950.235637
1734305950.3724926
1734305950.49416
1734305950.6300013
1734305950.7612865
1734305950.8932323
1734305951.0438924
1734305951.1643913
1734305951.2939706
1734305951.4354398
1734305951.5685692
1734305951.6922097
1734305951.8342109
1734305951.9638119
1734305952.0949109
1734305952.23576
1734305952.370721
1734305952.4926417
1734305952.638246
1734305952.7654793
1734305952.896137
1734305953.0424318
1734305953.1642864
1734305953.2973118
1734305953.4428627
1734305953.57017
1734305953.6943493
1734305953.8390932
1734305953.97142
1734305954.094598
1734305954.2379637
1734305954.3789704
1734305954.5082135
1734305954.6445534
1734305954.770623
1734305954.9059598
1734305955.049671
1734305955.2041557
1734305955.3263533
1734305955.480107
1734305955.6183555
1734305955.7406294
1734305955.8899512
1734305956.0350032
1734305956.163107
1734305956.309002
1734305956.431854
1734305956.5508144
1734305956.6981597
1734305956.8293982
1734305956.9519966
1734305957.099332
1734305957.2238057
1734305957.3539696
1734305957.5080597
1734305957.6332908
1734305957.7525997
1734305957.8982742
1734305958.026739
1734305958.1501536
1734305958.3145843
1734305958.438823
1734305958.5618637
1734305958.709974
1734305958.831171
1734305958.9598606
1734305959.1146846
1734305959.2350595
1734305959.3696187
1734305959.5116358
1734305959.6315668
1734305959.7537057
1734305959.9036777
1734305960.0248473
1734305960.1498961
1734305960.2974606
1734305960.4285994
1734305960.5589967
1734305960.6988275
1734305960.8243523
1734305960.9531543
1734305961.10142
1734305961.229284
1734305961.365214
1734305961.5089858
1734305961.6350005
1734305961.750514
1734305961.903202
1734305962.0316265
1734305962.1594806
1734305962.304418
1734305962.430264
1734305962.5521564
1734305962.7036595
1734305962.8311908
1734305962.9597838
1734305963.1129591
1734305963.2277586
1734305963.3624742
1734305963.5121007
1734305963.6355176
1734305963.763288
1734305963.902259
1734305964.034066
1734305964.1577563
1734305964.3109708
1734305964.4382482
1734305964.5623457
1734305964.7049394
1734305964.8327806
1734305964.9598892
1734305965.1109223
1734305965.2359128
1734305965.3640027
1734305965.5073178
1734305965.635294
1734305965.7607062
1734305965.9038587
1734305966.033425
1734305966.1596913
1734305966.309045
1734305966.4315405
1734305966.567367
1734305966.7060213
1734305966.825332
1734305966.9583871
1734305967.108867
1734305967.2307444
1734305967.367574
1734305967.5100927
1734305967.6349704
1734305967.7610614
1734305967.9076955
1734305968.0311124
1734305968.1625445
1734305968.3089921
1734305968.4407606
1734305968.568478
1734305968.7093084
1734305968.8341608
1734305968.9598422
1734305969.1088014
1734305969.2296298
1734305969.3656735
1734305969.5136907
1734305969.6342769
1734305969.7578542
1734305969.9052763
1734305970.0333607
1734305970.1612456
1734305970.305794
1734305970.442409
1734305970.5533614
1734305970.7075727
1734305970.8325691
1734305970.9598002
1734305971.1070426
1734305971.2309163
1734305971.3687906
1734305971.5120418
1734305971.6348186
1734305971.758678
1734305971.90371
1734305972.033861
1734305972.163658
1734305972.3132572
1734305972.4360502
1734305972.5650032
1734305972.7030098
1734305972.8284726
1734305972.9520845
1734305973.1031246
1734305973.2295349
1734305973.3584645
1734305973.5054412
1734305973.6386693
1734305973.7757156
1734305973.913621
1734305974.0611284
1734305974.1830935
1734305974.328955
1734305974.4797914
1734305974.6095796
1734305974.7510803
1734305974.8985887
1734305975.017027
1734305975.171902
1734305975.2925038
1734305975.4203541
1734305975.5744836
1734305975.694872
1734305975.821007
1734305975.969589
1734305976.094213
1734305976.224212
1734305976.3744378
1734305976.4961944
1734305976.6186001
1734305976.770984
1734305976.8919585
1734305977.017519
1734305977.1679215
1734305977.2975028
1734305977.4176364
1734305977.5733087
1734305977.6932411
1734305977.8167286
1734305977.967593
1734305978.0998383
1734305978.225366
1734305978.3706725
1734305978.495899
1734305978.6199772
1734305978.7766
1734305978.8974848
1734305979.0237606
1734305979.1709447
1734305979.292693
1734305979.426532
1734305979.5778444
1734305979.7056038
1734305979.8233929
1734305979.9668787
1734305980.099705
1734305980.2214963
1734305980.3671665
1734305980.5116422
1734305980.6199198
1734305980.761724
1734305980.8907397
1734305981.0170763
1734305981.1656537
1734305981.293747
1734305981.4180617
1734305981.567413
1734305981.6948009
1734305981.8189325
1734305981.9693844
1734305982.0947218
1734305982.217236
1734305982.3672616
1734305982.5030239
1734305982.6188765
1734305982.769673
1734305982.8958378
1734305983.0168278
1734305983.1660821
1734305983.2960045
1734305983.41856
1734305983.5731544
1734305983.7012942
1734305983.8345308
1734305983.9712257
1734305984.101871
1734305984.2158093
1734305984.3676038
1734305984.4975893
1734305984.6302176
1734305984.7676797
1734305984.8979466
1734305985.0177975
1734305985.1702764
1734305985.2989225
1734305985.4170132
1734305985.5689926
1734305985.6981437
1734305985.8291368
1734305985.9721262
1734305986.0948482
1734305986.2276495
1734305986.3697667
1734305986.4948103
1734305986.6216402
1734305986.7696984
1734305986.9001129
1734305987.0301406
1734305987.1692696
1734305987.2937267
1734305987.4265974
1734305987.5695765
1734305987.7012293
1734305987.8249223
1734305987.9690263
1734305988.099181
1734305988.226952
1734305988.370828
1734305988.502143
1734305988.6277828
1734305988.7675755
1734305988.9000437
1734305989.0277138
1734305989.1717062
1734305989.3001513
1734305989.4366412
1734305989.5816195
1734305989.705775
1734305989.8241656
1734305989.9696653
1734305990.1012144
1734305990.220337
1734305990.376985
1734305990.5041575
1734305990.6190429
1734305990.764574
1734305990.8940167
1734305991.0158863
1734305991.164246
1734305991.290784
1734305991.4259148
1734305991.5706265
1734305991.6956034
1734305991.8219602
1734305991.9601536
1734305992.090567
1734305992.2191164
1734305992.3617837
1734305992.496831
1734305992.6220052
1734305992.772448
1734305992.9012103
1734305993.01744
1734305993.1672165
1734305993.295776
1734305993.4190042
1734305993.5693016
1734305993.7046113
1734305993.8277857
1734305993.9677348
1734305994.093848
1734305994.2208908
1734305994.3692756
1734305994.4959395
1734305994.6184313
1734305994.7718751
1734305994.9008634
1734305995.0201366
1734305995.1726289
1734305995.298516
1734305995.4183576
1734305995.571858
1734305995.6982574
1734305995.8294222
1734305995.9677248
1734305996.0966103
1734305996.231372
1734305996.373207
1734305996.5003161
1734305996.6292453
1734305996.7737424
1734305996.9018235
1734305997.0164125
1734305997.1691475
1734305997.3005269
1734305997.4167721
1734305997.5714076
1734305997.7042654
1734305997.823164
1734305997.9680588
1734305998.0997074
1734305998.2181654
1734305998.3737612
1734305998.4979353
1734305998.631395
1734305998.7695477
1734305998.8975534
1734305999.020161
1734305999.171488
1734305999.2911448
1734305999.429551
1734305999.5740564
1734305999.703715
1734305999.819483
1734305999.9701726
1734306000.0950756
1734306000.2274482
1734306000.3692453
1734306000.4978318
1734306000.6276815
1734306000.7746093
1734306000.9003875
1734306001.026381
1734306001.174073
1734306001.296442
1734306001.440618
1734306001.5766196
1734306001.7035134
1734306001.8424006
1734306001.973784
1734306002.0992737
1734306002.2377477
1734306002.3728516
1734306002.4950426
1734306002.6375475
1734306002.7717166
1734306002.899576
1734306003.0374174
1734306003.1716127
1734306003.3020544
1734306003.4385333
1734306003.5737398
1734306003.7058218
1734306003.8442957
1734306003.9765668
1734306004.1066835
1734306004.2423627
1734306004.3809357
1734306004.5048614
1734306004.6426885
1734306004.7792978
1734306004.8965025
1734306005.038239
1734306005.165397
1734306005.2929952
1734306005.4367483
1734306005.5758338
1734306005.6972914
1734306005.8493018
1734306005.967933
1734306006.1042514
1734306006.2318199
1734306006.375497
1734306006.5172484
1734306006.670598
1734306006.8023415
1734306006.939715
1734306007.0831616
1734306007.2429974
1734306007.3598847
1734306007.5040488
1734306007.6375008
1734306007.774139
1734306007.914094
1734306008.045055
1734306008.1813197
1734306008.318827
1734306008.4450777
1734306008.572689
1734306008.7207022
1734306008.8440022
1734306008.9742143
1734306009.112793
1734306009.2451262
1734306009.3861094
1734306009.5274103
1734306009.6512794
1734306009.7757928
1734306009.9235067
1734306010.051374
1734306010.172948
1734306010.3131099
1734306010.4394197
1734306010.5758462
1734306010.7141192
1734306010.8451748
1734306010.9890547
1734306011.1129878
1734306011.2396812
1734306011.3727171
1734306011.5176275
1734306011.6436946
1734306011.7704802
1734306011.9146538
1734306012.04041
1734306012.172626
1734306012.311855
1734306012.4408956
1734306012.5716498
1734306012.712987
1734306012.846417
1734306012.9719975
1734306013.1142406
1734306013.2437873
1734306013.3702157
1734306013.518692
1734306013.6435473
1734306013.7749138
1734306013.9141028
1734306014.0387778
1734306014.1795828
1734306014.312376
1734306014.440665
1734306014.5749815
1734306014.7198627
1734306014.845327
1734306014.9680476
1734306015.1122043
1734306015.2398493
1734306015.3706598
1734306015.5119667
1734306015.6449916
1734306015.772888
1734306015.9136598
1734306016.067424
1734306016.2006495
1734306016.3423388
1734306016.4790726
1734306016.6024606
1734306016.7558725
1734306016.8974266
1734306017.0382352
1734306017.1703937
1734306017.3132389
1734306017.4386055
1734306017.5719068
1734306017.698059
1734306017.8452728
1734306017.9703274
1734306018.0972767
1734306018.2357283
1734306018.3728168
1734306018.492048
1734306018.6317873
1734306018.764982
1734306018.907707
1734306019.0525424
1734306019.1772985
1734306019.3280864
1734306019.466938
1734306019.597807
1734306019.741041
1734306019.8797991
1734306020.0128698
1734306020.1578007
1734306020.2835813
1734306020.4334373
1734306020.562424
1734306020.686045
1734306020.8349214
1734306020.9651163
1734306021.129939
1734306021.2338111
1734306021.3542247
1734306021.4812565
1734306021.6303465
1734306021.7559533
1734306021.8824797
1734306022.0297194
1734306022.1673856
1734306022.2884421
1734306022.427882
1734306022.5511749
1734306022.679017
1734306022.8277795
1734306022.957533
1734306023.0815136
1734306023.2349243
1734306023.3640459
1734306023.4822783
1734306023.6255236
1734306023.754309
1734306023.8812304
1734306024.0294142
1734306024.1508522
1734306024.2805066
1734306024.4250615
1734306024.552157
1734306024.6808598
1734306024.8278124
1734306024.9573872
1734306025.079864
1734306025.2324808
1734306025.362699
1734306025.4841967
1734306025.636103
1734306025.7690132
1734306025.8878655
1734306026.0410328
1734306026.1651835
1734306026.2925208
1734306026.430143
1734306026.5535836
1734306026.683232
1734306026.8270266
1734306026.964436
1734306027.08343
1734306027.227084
1734306027.3612201
1734306027.4819481
1734306027.6290402
1734306027.7585084
1734306027.8818276
1734306028.0276213
1734306028.157842
1734306028.2852237
1734306028.4277678
1734306028.5590987
1734306028.689319
1734306028.8359637
1734306028.9639318
1734306029.0833719
1734306029.2318232
1734306029.3679695
1734306029.4876
1734306029.6335955
1734306029.7617416
1734306029.8813481
1734306030.03119
1734306030.1629207
1734306030.2873766
1734306030.4250696
1734306030.5514636
1734306030.6803381
1734306030.8269372
1734306030.9566655
1734306031.0804765
1734306031.2326415
1734306031.3960435
1734306031.5037167
1734306031.634689
1734306031.7666104
1734306031.8823338
1734306032.0295582
1734306032.155868
1734306032.2822423
1734306032.4281416
1734306032.5542965
1734306032.6791086
1734306032.8304136
1734306032.9602509
1734306033.0824623
1734306033.2273006
1734306033.3556552
1734306033.5017135
1734306033.6271026
1734306033.7515383
1734306033.8781552
1734306034.027431
1734306034.152112
1734306034.2809758
1734306034.4243758
1734306034.5523748
1734306034.6790702
1734306034.826084
1734306034.955209
1734306035.0831873
1734306035.2336903
1734306035.355396
1734306035.484594
1734306035.6245384
1734306035.7562194
1734306035.8800893
1734306036.0285456
1734306036.1566198
1734306036.2804778
1734306036.4288337
1734306036.5522652
1734306036.6818833
1734306036.8301847
1734306036.9953141
1734306037.0902386
1734306037.2395017
1734306037.3555846
1734306037.48276
1734306037.6276228
1734306037.7525978
1734306037.8768842
1734306038.0252867
1734306038.1521866
1734306038.2817209
1734306038.4246051
1734306038.552504
1734306038.6775844
1734306038.8243802
1734306038.952607
1734306039.0787826
1734306039.2246947
1734306039.354325
1734306039.4843912
1734306039.6252332
1734306039.7663703
1734306039.8783512
1734306040.0261436
1734306040.150748
1734306040.2826908
1734306040.4257784
1734306040.5525053
1734306040.6788936
1734306040.8244314
1734306040.9556878
1734306041.0841675
1734306041.2230926
1734306041.361263
1734306041.4825306
1734306041.629003
1734306041.7543018
1734306041.8811443
1734306042.0290298
1734306042.1524813
1734306042.2912784
1734306042.4258955
1734306042.5579078
1734306042.6825292
1734306042.8245966
1734306042.9550946
1734306043.0868475
1734306043.229951
1734306043.353499
1734306043.486951
1734306043.6302912
1734306043.7587209
1734306043.888378
1734306044.029978
1734306044.1633816
1734306044.2929056
1734306044.4285529
1734306044.558849
1734306044.6829774
1734306044.8267663
1734306044.954501
1734306045.0827038
1734306045.2302663
1734306045.3705964
1734306045.4880629
1734306045.6267745
1734306045.7544234
1734306045.8817353
1734306046.0350475
1734306046.1547358
1734306046.2840915
1734306046.4230692
1734306046.5524282
1734306046.6805193
1734306046.825544
1734306046.953693
1734306047.0816941
1734306047.223304
1734306047.3537643
1734306047.482535
1734306047.6266348
1734306047.750441
1734306047.881296
1734306048.0296621
1734306048.156387
1734306048.30554
1734306048.430868
1734306048.5707035
1734306048.7040036
1734306048.827153
1734306048.954196
1734306049.1057787
1734306049.2337692
1734306049.3608139
1734306049.507382
1734306049.6270137
1734306049.7526104
1734306049.8985934
1734306050.0442622
1734306050.1708076
1734306050.3156228
1734306050.4586394
1734306050.6008513
1734306050.72962
1734306050.8750236
1734306051.0165453
1734306051.1479447
1734306051.28879
1734306051.4185688
1734306051.5521262
1734306051.6892555
1734306051.8235304
1734306051.9482193
1734306052.0941513
1734306052.227145
1734306052.3532774
1734306052.491866
1734306052.617666
1734306052.7472057
1734306052.886945
1734306053.0202863
1734306053.1436212
1734306053.288655
1734306053.4190533
1734306053.5467737
1734306053.6899016
1734306053.8174667
1734306053.9431674
1734306054.0947373
1734306054.2423675
1734306054.3536005
1734306054.489392
1734306054.6172116
1734306054.743851
1734306054.8953154
1734306055.0299208
1734306055.1479127
1734306055.290596
1734306055.428732
1734306055.5594642
1734306055.7010105
1734306055.823115
1734306055.9516945
1734306056.0973752
1734306056.2243953
1734306056.346879
1734306056.4888937
1734306056.6188636
1734306056.7448938
1734306056.888633
1734306057.0243084
1734306057.1501522
1734306057.29088
1734306057.4192266
1734306057.552231
1734306057.6993468
1734306057.8224113
1734306057.9607751
1734306058.1117842
1734306058.2275271
1734306058.3485968
1734306058.4918416
1734306058.6250637
1734306058.7630708
1734306058.8977385
1734306059.0221918
1734306059.1467853
1734306059.2954435
1734306059.4167168
1734306059.5502949
1734306059.7049732
1734306059.8230064
1734306059.9459167
1734306060.0992646
1734306060.2207308
