1734303209.1840749
1734303214.3360748
1734303214.5180748
1734303214.5910747
1734303214.730075
1734303214.8210747
1734303214.9660747
1734303215.0700748
1734303215.2390747
1734303215.3240747
1734303215.4450748
1734303215.5480747
1734303215.6820748
1734303215.7910748
1734303215.9240746
1734303216.0390747
1734303216.1600747
1734303216.2810748
1734303216.4090748
1734303216.5180748
1734303216.7000747
1734303216.7600749
1734303216.8940747
1734303217.0090747
1734303217.1430748
1734303217.2450747
1734303217.4820747
1734303217.6820748
1734303217.7180748
1734303217.8630748
1734303217.9660747
1734303218.1120749
1734303218.2030747
1734303218.3420749
1734303218.4450748
1734303218.5790749
1734303218.6820748
1734303218.8940747
1734303218.9240746
1734303219.0700748
1734303219.1610749
1734303219.3060749
1734303219.4030747
1734303219.5480747
1734303219.6700747
1734303220.3120747
1734303220.3600748
1734303220.5240748
1734303220.7730749
1734303220.9240746
1734303220.9300747
1734303220.9360747
1734303220.9910748
1734303221.0210748
1734303221.2150748
1734303221.2330747
1734303221.4270747
1734303221.4700747
1734303221.6700747
1734303221.7060747
1734303221.8940747
1734303222.0210748
1734303222.1360748
1734303222.1970747
1734303222.3660748
1734303222.4390748
1734303222.6090748
1734303222.8450747
1734303223.0570748
1734303223.0940747
1734303223.1670747
1734303223.3360748
1734303223.4030747
1734303223.5610747
1734303223.6390748
1734303223.8030748
1734303223.8760748
1734303224.0330749
1734303224.2700748
1734303224.4270747
1734303224.5000749
1734303224.6090748
1734303224.7360747
1734303224.8410747
1734303224.9730747
1734303225.0820749
1734303225.2150748
1734303225.3360748
1734303225.4640749
1734303225.5550747
1734303225.7000747
1734303225.7970748
1734303225.9360747
1734303226.0390747
1734303226.1790748
1734303226.3060749
1734303226.4150748
1734303226.5180748
1734303226.6510746
1734303226.7610748
1734303226.8940747
1734303226.9970748
1734303227.1300747
1734303227.2390747
1734303227.3730748
1734303227.4760747
1734303227.6090748
1734303227.7180748
1734303227.8510747
1734303227.9730747
1734303228.0880747
1734303228.2090747
1734303228.3300748
1734303228.4510748
1734303228.6030748
1734303228.6880748
1734303228.8150747
1734303228.9300747
1734303229.0510747
1734303229.1670747
1734303229.3240747
1734303229.4090748
1734303229.5360749
1734303229.6450748
1734303229.7730749
1734303229.8880749
1734303230.0330749
1734303230.1420748
1734303230.2570748
1734303230.4150748
1734303230.4940748
1734303230.6150749
1734303230.7480748
1734303230.8510747
1734303230.9850748
1734303231.0940747
1734303231.2270749
1734303231.3300748
1734303231.5120747
1734303231.5730748
1734303231.7060747
1734303231.8210747
1734303231.9420748
1734303232.0640748
1734303232.2510748
1734303232.3060749
1734303232.4270747
1734303232.5420747
1734303232.6700747
1734303232.7850747
1734303232.9060748
1734303233.0270748
1734303233.1480749
1734303233.2690747
1734303233.3910747
1734303233.5060747
1734303233.6270747
1734303233.7430747
1734303233.8700747
1734303234.0820749
1734303234.1130748
1734303234.2400749
1734303234.3670747
1734303234.5060747
1734303234.6030748
1734303234.7060747
1734303234.8450747
1734303234.9420748
1734303235.0880747
1734303235.1970747
1734303235.3240747
1734303235.4520748
1734303235.5670748
1734303235.6630747
1734303235.8030748
1734303235.9270747
1734303236.0640748
1734303236.1480749
1734303236.2880747
1734303236.3850749
1734303236.5300748
1734303236.6270747
1734303236.7610748
1734303236.8640747
1734303237.0030746
1734303237.1480749
1734303237.2450747
1734303237.355075
1734303237.4880748
1734303237.5850747
1734303237.7250748
1734303237.8270748
1734303237.9610748
1734303238.0640748
1734303238.2030747
1734303238.3180747
1734303238.4390748
1734303238.5670748
1734303238.6820748
1734303238.7970748
1734303238.9240746
1734303239.0390747
1734303239.1610749
1734303239.2820747
1734303239.4040747
1734303239.5180748
1734303239.6390748
1734303239.7610748
1734303239.8820748
1734303239.9970748
1734303240.1240747
1734303240.2390747
1734303240.3610747
1734303240.4940748
1734303240.6030748
1734303240.7240748
1734303240.8510747
1734303240.9600747
1734303241.0940747
1734303241.1970747
1734303241.3360748
1734303241.4390748
1734303241.5730748
1734303241.6820748
1734303241.8090749
1734303241.9180748
1734303242.0520747
1734303242.1540747
1734303242.2940748
1734303242.3970747
1734303242.5300748
1734303242.6390748
1734303242.7730749
1734303242.8760748
1734303243.0160747
1734303243.1300747
1734303243.2580748
1734303243.3610747
1734303243.4940748
1734303243.6090748
1734303243.730075
1734303243.8510747
1734303243.9730747
1734303244.0880747
1734303244.2150748
1734303244.3300748
1734303244.4520748
1734303244.5730748
1734303244.6940749
1734303244.8090749
1734303244.9300747
1734303245.0510747
1734303245.1790748
1734303245.2940748
1734303245.4150748
1734303245.5360749
1734303245.6510746
1734303245.7730749
1734303245.8940747
1734303246.0090747
1734303246.1420748
1734303246.2820747
1734303246.3850749
1734303246.5000749
1734303246.6270747
1734303246.7420747
1734303246.8640747
1734303246.9790747
1734303247.1060748
1734303247.2210748
1734303247.3730748
1734303247.4640749
1734303247.5850747
1734303247.7000747
1734303247.8270748
1734303247.9420748
1734303248.0640748
1734303248.1850748
1734303248.3060749
1734303248.4210749
1734303248.5550747
1734303248.6700747
1734303248.7990746
1734303248.9060748
1734303249.0330749
1734303249.1490748
1734303249.2760746
1734303249.3910747
1734303249.5180748
1734303249.6270747
1734303249.7550747
1734303249.8640747
1734303249.9970748
1734303250.1060748
1734303250.2390747
1734303250.3430748
1734303250.4760747
1734303250.5850747
1734303250.7180748
1734303250.8210747
1734303250.9610748
1734303251.0640748
1734303251.2030747
1734303251.3060749
1734303251.4460747
1734303251.5480747
1734303251.6820748
1734303251.7850747
1734303251.9180748
1734303252.0210748
1734303252.1610749
1734303252.2760746
1734303252.4030747
1734303252.5060747
1734303252.6400747
1734303252.7420747
1734303252.8820748
1734303252.9850748
1734303253.1180747
1734303253.2210748
1734303253.3730748
1734303253.4700747
1734303253.6030748
1734303253.7180748
1734303253.8400748
1734303253.9610748
1734303254.0830748
1734303254.1970747
1734303254.3190749
1734303254.4400747
1734303254.5610747
1734303254.6760747
1734303254.8030748
1734303254.9180748
1734303255.0460749
1734303255.1550748
1734303255.2880747
1734303255.4030747
1734303255.5310748
1734303255.6400747
1734303255.7670748
1734303255.8760748
1734303256.0090747
1734303256.1300747
1734303256.2580748
1734303256.3610747
1734303256.4940748
1734303256.6030748
1734303256.7370749
1734303256.8400748
1734303256.9730747
1734303257.0760748
1734303257.2160747
1734303257.3250747
1734303257.4580748
1734303257.5550747
1734303257.6940749
1734303257.7970748
1734303257.9370747
1734303258.0390747
1734303258.1790748
1734303258.2760746
1734303258.4280748
1734303258.5240748
1734303258.6580749
1734303258.7610748
1734303258.8940747
1734303259.0090747
1734303259.1370747
1734303259.2520747
1734303259.3910747
1734303259.4940748
1734303259.6280746
1734303259.7310748
1734303259.8580747
1734303259.9730747
1734303260.0940747
1734303260.2090747
1734303260.3370748
1734303260.4520748
1734303260.5910747
1734303260.6940749
1734303260.8160748
1734303260.9370747
1734303261.0580747
1734303261.1730747
1734303261.2940748
1734303261.4090748
1734303261.5550747
1734303261.6520748
1734303261.7910748
1734303261.8940747
1734303262.0300748
1734303262.1360748
1734303262.2700748
1734303262.3790748
1734303262.5130749
1734303262.6160748
1734303262.7550747
1734303262.8580747
1734303262.9910748
1734303263.1000748
1734303263.2340748
1734303263.3370748
1734303263.4760747
1734303263.5790749
1734303263.7180748
1734303263.8270748
1734303263.9490747
1734303264.0640748
1734303264.1910748
1734303264.3060749
1734303264.4330747
1734303264.5490746
1734303264.6700747
1734303264.7850747
1734303264.9070747
1734303265.0210748
1734303265.1490748
1734303265.2700748
1734303265.3970747
1734303265.5070748
1734303265.6460748
1734303265.7430747
1734303265.8710747
1734303265.9850748
1734303266.1120749
1734303266.2280748
1734303266.3670747
1734303266.4700747
1734303266.6030748
1734303266.7060747
1734303266.8460748
1734303266.9430747
1734303267.0820749
1734303267.1910748
1734303267.3250747
1734303267.4280748
1734303267.5670748
1734303267.6760747
1734303267.8280747
1734303267.9060748
1734303268.0520747
1734303268.1430748
1734303268.2820747
1734303268.3850749
1734303268.5250747
1734303268.6340747
1734303268.7670748
1734303268.8640747
1734303269.0150747
1734303269.1180747
1734303269.2460747
1734303269.3610747
1734303269.4880748
1734303269.5970747
1734303269.7310748
1734303269.8430748
1734303269.9670749
1734303270.0760748
1734303270.2030747
1734303270.3240747
1734303270.4580748
1734303270.5670748
1734303270.6880748
1734303270.8090749
1734303270.9240746
1734303271.0460749
1734303271.1730747
1734303271.2820747
1734303271.4270747
1734303271.5240748
1734303271.6700747
1734303271.7730749
1734303271.9000747
1734303272.0030746
1734303272.1430748
1734303272.2400749
1734303272.3790748
1734303272.4880748
1734303272.6210747
1734303272.7180748
1734303272.8640747
1734303272.9610748
1734303273.1060748
1734303273.2030747
1734303273.3610747
1734303273.4460747
1734303273.5850747
1734303273.6880748
1734303273.8270748
1734303273.9180748
1734303274.0700748
1734303274.1670747
1734303274.3070748
1734303274.4160748
1734303274.5670748
1734303274.6580749
1734303274.7860749
1734303274.8940747
1734303275.0220747
1734303275.1310747
1734303275.2640748
1734303275.3730748
1734303275.5000749
1734303275.6210747
1734303275.7430747
1734303275.8580747
1734303275.9850748
1734303276.1060748
1734303276.2210748
1734303276.3310747
1734303276.4640749
1734303276.5850747
1734303276.7060747
1734303276.8220747
1734303276.9610748
1734303277.0760748
1734303277.1970747
1734303277.2940748
1734303277.4580748
1734303277.5550747
1734303277.6820748
1734303277.7910748
1734303277.9240746
1734303278.0150747
1734303278.1610749
1734303278.2580748
1734303278.4030747
1734303278.4940748
1734303278.6400747
1734303278.7370749
1734303278.8820748
1734303278.9790747
1734303279.1190748
1734303279.2220747
1734303279.355075
1734303279.4700747
1734303279.5970747
1734303279.7070749
1734303279.8400748
1734303279.9490747
1734303280.0820749
1734303280.1850748
1734303280.3190749
1734303280.4280748
1734303280.5610747
1734303280.6880748
1734303280.8640747
1734303280.9250748
1734303281.0400748
1734303281.1550748
1734303281.2760746
1734303281.3910747
1734303281.5220747
1734303281.6340747
1734303281.7550747
1734303281.8820748
1734303282.0150747
1734303282.1250749
1734303282.2520747
1734303282.3730748
1734303282.4940748
1734303282.5910747
1734303282.7310748
1734303282.8460748
1734303282.9730747
1734303283.0760748
1734303283.2150748
1734303283.3060749
