1734303209.4184313
1734303214.577573
1734303214.7033403
1734303214.8159978
1734303214.9445689
1734303215.0565684
1734303215.1865332
1734303215.301751
1734303215.4284194
1734303215.5366259
1734303215.664405
1734303215.7806416
1734303215.9056346
1734303216.0171304
1734303216.144213
1734303216.2581143
1734303216.3884943
1734303216.511483
1734303216.633473
1734303216.7567084
1734303216.8654027
1734303216.992372
1734303217.1054983
1734303217.2365937
1734303217.3474076
1734303217.4768295
1734303217.5844493
1734303217.7117712
1734303217.8246584
1734303217.9524345
1734303218.0645115
1734303218.1953754
1734303218.3064075
1734303218.4364445
1734303218.543628
1734303218.6751714
1734303218.7843432
1734303218.911865
1734303219.0232735
1734303219.1522815
1734303219.2815628
1734303219.3952653
1734303219.5215611
1734303219.6331265
1734303219.7604525
1734303219.8725128
1734303220.0035431
1734303220.1129482
1734303220.242851
1734303220.353434
1734303220.4813876
1734303220.59314
1734303220.721287
1734303220.832855
1734303220.965621
1734303221.0726337
1734303221.2044277
1734303221.318286
1734303221.4415271
1734303221.5588436
1734303221.6804168
1734303221.8085175
1734303221.9204154
1734303222.0485287
1734303222.1615167
1734303222.2899654
1734303222.4040053
1734303222.5325277
1734303222.6506188
1734303222.7703507
1734303222.8797517
1734303223.008767
1734303223.1203125
1734303223.2502801
1734303223.3625693
1734303223.489991
1734303223.6036968
1734303223.7293124
1734303223.842212
1734303223.9704747
1734303224.0799897
1734303224.2136188
1734303224.3415468
1734303224.4504516
1734303224.5816128
1734303224.6885777
1734303224.8243515
1734303224.930501
1734303225.0585573
1734303225.1705737
1734303225.2993917
1734303225.412304
1734303225.5499444
1734303225.6505077
1734303225.7779496
1734303225.8882773
1734303226.0168195
1734303226.1304746
1734303226.2610643
1734303226.3744547
1734303226.5023892
1734303226.6104507
1734303226.7378056
1734303226.8675854
1734303226.9779258
1734303227.104121
1734303227.2172525
1734303227.3466082
1734303227.4585452
1734303227.587459
1734303227.699247
1734303227.8240712
1734303227.937969
1734303228.0645316
1734303228.1767337
1734303228.30784
1734303228.4170763
1734303228.547682
1734303228.6551154
1734303228.7835438
1734303228.89666
1734303229.0260835
1734303229.1381454
1734303229.2682238
1734303229.3814795
1734303229.5077193
1734303229.6333654
1734303229.7445974
1734303229.8726113
1734303229.9845967
1734303230.1131945
1734303230.223947
1734303230.354641
1734303230.4698713
1734303230.5964904
1734303230.704962
1734303230.8355293
1734303230.943775
1734303231.0725572
1734303231.1834543
1734303231.3147693
1734303231.427017
1734303231.555435
1734303231.6698627
1734303231.7925909
1734303231.9049127
1734303232.0337434
1734303232.160508
1734303232.2725139
1734303232.4078302
1734303232.5152476
1734303232.6433527
1734303232.751654
1734303232.8811707
1734303232.9916532
1734303233.1201732
1734303233.2344956
1734303233.3631833
1734303233.4765823
1734303233.6074193
1734303233.715944
1734303233.8413074
1734303233.9523995
1734303234.0800972
1734303234.1931624
1734303234.3211663
1734303234.4382281
1734303234.5618002
1734303234.6908827
1734303234.805254
1734303234.9284143
1734303235.0412583
1734303235.1696734
1734303235.2806687
1734303235.412009
1734303235.5221486
1734303235.6505673
1734303235.7613635
1734303235.887667
1734303236.0020986
1734303236.1287427
1734303236.245441
1734303236.3743587
1734303236.4833567
1734303236.6112459
1734303236.7200074
1734303236.8482914
1734303236.960826
1734303237.0874205
1734303237.2164104
1734303237.331916
1734303237.4606166
1734303237.5765634
1734303237.6995013
1734303237.8113484
1734303237.9382253
1734303238.0485346
1734303238.1806562
1734303238.2880402
1734303238.418588
1734303238.5356264
1734303238.6615794
1734303238.7795565
1734303238.8964489
1734303239.0088224
1734303239.1393712
1734303239.2481732
1734303239.3806255
1734303239.492143
1734303239.6193047
1734303239.747169
1734303239.856655
1734303239.9841304
1734303240.0965059
1734303240.224296
1734303240.3382807
1734303240.467324
1734303240.5805206
1734303240.7084193
1734303240.8167422
1734303240.9448376
1734303241.055329
1734303241.1837711
1734303241.2964432
1734303241.4274354
1734303241.5415037
1734303241.6689427
1734303241.7805717
1734303241.904753
1734303242.0164435
1734303242.1451614
1734303242.2734888
1734303242.3850207
1734303242.514526
1734303242.6265676
1734303242.7538939
1734303242.8660283
1734303242.992992
1734303243.104765
1734303243.236237
1734303243.3444672
1734303243.4824798
1734303243.5860415
1734303243.7139833
1734303243.8235347
1734303243.9534771
1734303244.065157
1734303244.1971157
1734303244.3095565
1734303244.4369156
1734303244.547182
1734303244.6776903
1734303244.7874098
1734303244.9111426
1734303245.0445676
1734303245.151681
1734303245.2813435
1734303245.3920982
1734303245.5224636
1734303245.6357107
1734303245.7653651
1734303245.8744507
1734303246.0024536
1734303246.1117694
1734303246.2413528
1734303246.351592
1734303246.4926221
1734303246.5951054
1734303246.7225437
1734303246.8344624
1734303246.960489
1734303247.0716605
1734303247.2042282
1734303247.3123977
1734303247.4455144
1734303247.5735164
1734303247.681481
1734303247.8101704
1734303247.920684
1734303248.0476902
1734303248.160532
1734303248.2882504
1734303248.4028392
1734303248.531649
1734303248.643369
1734303248.7735343
1734303248.87925
1734303249.0083654
1734303249.1195335
1734303249.2471685
1734303249.36031
1734303249.4916248
1734303249.6078517
1734303249.7313802
1734303249.8426356
1734303249.9695477
1734303250.097325
1734303250.2140749
1734303250.337181
1734303250.4499068
1734303250.579311
1734303250.6912544
1734303250.8178701
1734303250.9291503
1734303251.057603
1734303251.1705344
1734303251.2962403
1734303251.4086585
1734303251.5405753
1734303251.6504931
1734303251.7813284
1734303251.8880565
1734303252.0168986
1734303252.1292903
1734303252.2563813
1734303252.3711603
1734303252.5059676
1734303252.6270387
1734303252.7394867
1734303252.8716135
1734303252.977188
1734303253.1044683
1734303253.2160282
1734303253.344363
1734303253.4563658
1734303253.5853438
1734303253.7002492
1734303253.8284986
1734303253.9371877
1734303254.0643282
1734303254.1755862
1734303254.3043904
1734303254.4155815
1734303254.547315
1734303254.6577759
1734303254.7863955
1734303254.8994029
1734303255.0276124
1734303255.1521292
1734303255.263737
1734303255.392478
1734303255.5086634
1734303255.637661
1734303255.7465343
1734303255.8728611
1734303255.9836452
1734303256.118395
1734303256.228893
1734303256.35236
1734303256.464414
1734303256.5956473
1734303256.7085242
1734303256.84133
1734303256.9484165
1734303257.0720165
1734303257.18543
1734303257.313014
1734303257.4243083
1734303257.5588107
1734303257.681643
1734303257.794167
1734303257.9218657
1734303258.03617
1734303258.1615384
1734303258.2739885
1734303258.4024272
1734303258.5126173
1734303258.6458454
1734303258.7566462
1734303258.8812177
1734303258.9923189
1734303259.119987
1734303259.2331345
1734303259.3605812
1734303259.4730356
1734303259.6064227
1734303259.7142594
1734303259.8455138
1734303259.9510422
1734303260.079507
1734303260.1930633
1734303260.3207066
1734303260.447584
1734303260.56509
1734303260.6912277
1734303260.8055623
1734303260.9296856
1734303261.040514
1734303261.1703138
1734303261.2802658
1734303261.4096065
1734303261.5217621
1734303261.6502237
1734303261.7633882
1734303261.8885713
1734303262.0023339
1734303262.1296191
1734303262.2415524
1734303262.3694854
1734303262.4796705
1734303262.6124244
1734303262.7222993
1734303262.8505604
1734303262.9793365
1734303263.088297
1734303263.2168725
1734303263.329363
1734303263.455736
1734303263.573485
1734303263.7003787
1734303263.8115819
1734303263.9368205
1734303264.0484314
1734303264.1759717
1734303264.288616
1734303264.4168484
1734303264.530682
1734303264.6596088
1734303264.774555
1734303264.8995829
1734303265.007307
1734303265.1379275
1734303265.247468
1734303265.3761425
1734303265.505689
1734303265.6195047
1734303265.747489
1734303265.861889
1734303265.983656
1734303266.096467
1734303266.2239425
1734303266.3373034
1734303266.4653327
1734303266.580291
1734303266.7069924
1734303266.8177104
1734303266.9485543
1734303267.0557055
1734303267.1836162
1734303267.297118
1734303267.4248862
1734303267.5364163
1734303267.6676188
1734303267.78042
1734303267.9139395
1734303268.0355723
1734303268.148447
1734303268.2715304
1734303268.3832963
1734303268.5131762
1734303268.6273708
1734303268.7545965
1734303268.8690524
1734303268.9926643
1734303269.1046093
1734303269.2334547
1734303269.3436663
1734303269.4735992
1734303269.587804
1734303269.7133224
1734303269.8269296
1734303269.9545991
1734303270.063447
1734303270.1925833
1734303270.3054636
1734303270.4334974
1734303270.563373
1734303270.6774805
1734303270.805392
1734303270.9153192
1734303271.0421424
1734303271.1516416
1734303271.280037
1734303271.3942494
1734303271.524281
1734303271.6357749
1734303271.7646601
1734303271.8966873
1734303272.0085087
1734303272.112342
1734303272.2435043
1734303272.3526294
1734303272.4802823
1734303272.5955029
1734303272.7219532
1734303272.8375633
1734303272.9609928
1734303273.0886176
1734303273.2017972
1734303273.3294225
1734303273.44108
1734303273.5705087
1734303273.6852913
1734303273.8115306
1734303273.9254165
1734303274.050586
1734303274.1608675
1734303274.2885091
1734303274.4067838
1734303274.5365703
1734303274.6483746
1734303274.789898
1734303274.8838384
1734303275.0106034
1734303275.119827
1734303275.247533
1734303275.359774
1734303275.4874377
1734303275.603649
1734303275.7293637
1734303275.8594627
1734303275.9700277
1734303276.096176
1734303276.208217
1734303276.3373315
1734303276.4488924
1734303276.5762184
1734303276.6891994
1734303276.8165784
1734303276.92828
1734303277.056756
1734303277.1682532
1734303277.3103948
1734303277.4141088
1734303277.5373697
1734303277.6705978
1734303277.7871838
1734303277.9044693
1734303278.02322
1734303278.1315413
1734303278.2568107
1734303278.3839746
1734303278.499619
1734303278.626581
1734303278.739958
1734303278.8650284
1734303278.9786487
1734303279.1040702
1734303279.2163117
1734303279.3456483
1734303279.4564867
1734303279.5847542
1734303279.702113
1734303279.8261812
1734303279.938097
1734303280.065137
1734303280.1772037
1734303280.3041475
1734303280.416337
1734303280.5438654
1734303280.659619
1734303280.789876
1734303280.9212012
1734303281.0475812
1734303281.1542914
1734303281.265007
1734303281.3927765
1734303281.5048733
1734303281.6346424
1734303281.745894
1734303281.8778248
1734303281.9838686
1734303282.1126351
1734303282.224374
1734303282.3594031
1734303282.4658828
1734303282.5977726
1734303282.7086341
1734303282.834157
1734303282.9485714
1734303283.0802274
1734303283.1849089
1734303283.312329
1734303283.4405923
1734303283.5526059
1734303283.6835485
1734303283.7971053
1734303283.9225323
1734303284.0329115
1734303284.1601686
1734303284.2716112
1734303284.4025156
1734303284.5123684
1734303284.6405268
1734303284.753577
1734303284.8815563
1734303284.9928794
1734303285.1195757
1734303285.2328413
1734303285.3599164
1734303285.4735813
1734303285.6023092
1734303285.7177854
1734303285.846333
1734303285.977204
1734303286.1008418
1734303286.2114732
1734303286.3194656
1734303286.448149
1734303286.560185
1734303286.6914954
1734303286.8065698
1734303286.929336
1734303287.0424929
1734303287.1725066
1734303287.2794855
1734303287.4080057
1734303287.5230381
1734303287.6513743
1734303287.7754898
1734303287.8937936
1734303288.0076396
1734303288.1345115
1734303288.2523525
1734303288.372432
1734303288.4811726
1734303288.6081994
1734303288.7391074
1734303288.853272
1734303288.9774935
1734303289.090213
1734303289.221116
1734303289.3305075
1734303289.4641948
1734303289.570405
1734303289.698208
1734303289.811319
1734303289.9389548
1734303290.0523403
1734303290.1756427
1734303290.2890875
1734303290.4160187
1734303290.530002
1734303290.6586425
1734303290.7760503
1734303290.9171145
1734303291.0286953
1734303291.1442845
1734303291.268746
1734303291.3754523
1734303291.504434
1734303291.616227
1734303291.745886
1734303291.8634098
1734303291.9924765
1734303292.0995922
1734303292.2245257
1734303292.3369632
1734303292.4674323
1734303292.575458
1734303292.7042034
1734303292.8207748
1734303292.9466345
1734303293.0594409
1734303293.1841402
1734303293.2969553
1734303293.4256363
1734303293.53804
1734303293.6696467
1734303293.7995903
1734303293.9085357
1734303294.038774
1734303294.151829
1734303294.2756119
1734303294.3859336
1734303294.513026
1734303294.6263132
1734303294.756578
1734303294.868537
1734303294.9975977
1734303295.1057327
1734303295.2318919
1734303295.3436172
1734303295.4769099
1734303295.585256
1734303295.7131574
1734303295.8310738
1734303295.9661324
1734303296.0721908
1734303296.1929867
1734303296.3213956
1734303296.4332206
1734303296.5600646
1734303296.6737895
1734303296.8040657
1734303296.9173996
1734303297.0443475
1734303297.1541812
1734303297.2797666
1734303297.3917434
1734303297.520259
1734303297.6334014
1734303297.7729084
1734303297.8920822
1734303298.0495822
1734303298.1259394
1734303298.2476506
1734303298.3608959
1734303298.4864752
1734303298.5939884
1734303298.7213044
1734303298.8553443
1734303298.9742649
1734303299.0915358
1734303299.2055008
1734303299.328391
1734303299.4446507
1734303299.5715053
1734303299.680598
1734303299.8123755
1734303299.924537
1734303300.0514805
1734303300.1621046
1734303300.28864
1734303300.4013817
1734303300.528275
1734303300.6416388
1734303300.7714956
1734303300.8843567
1734303301.0113316
1734303301.1214528
1734303301.2495885
1734303301.376954
1734303301.488404
1734303301.6157188
1734303301.7286892
1734303301.8697314
1734303301.9774678
1734303302.1055977
1734303302.2116501
1734303302.3405397
1734303302.4475994
1734303302.5762022
1734303302.6945667
1734303302.8226826
1734303302.9354713
1734303303.0603607
1734303303.1726167
1734303303.2993214
1734303303.4103231
1734303303.5368395
1734303303.6484811
1734303303.7760067
1734303303.8906376
1734303304.0204415
1734303304.1455102
1734303304.2578855
1734303304.3857636
1734303304.4969182
1734303304.624601
1734303304.7397358
