1734305942.991473
1734305948.226473
1734305948.393473
1734305948.518473
1734305948.664473
1734305948.796473
1734305948.941473
1734305949.080473
1734305949.205473
1734305949.344473
1734305949.462473
1734305949.594473
1734305949.733473
1734305949.872473
1734305949.983473
1734305950.129473
1734305950.268473
1734305950.407473
1734305950.559473
1734305950.685473
1734305950.810473
1734305950.949473
1734305951.087473
1734305951.212473
1734305951.351473
1734305951.476473
1734305951.601473
1734305951.740473
1734305951.879473
1734305951.997473
1734305953.669473
1734305953.671473
1734305953.747473
1734305953.893473
1734305954.011473
1734305954.1504729
1734305954.282473
1734305954.414473
1734305954.648473
1734305954.712473
1734305954.837473
1734305954.997473
1734305955.129473
1734305955.261473
1734305955.407473
1734305955.546473
1734305955.685473
1734305955.837473
1734305955.949473
1734305956.073473
1734305956.212473
1734305956.351473
1734305956.476473
1734305956.615473
1734305956.740473
1734305956.879473
1734305957.032473
1734305957.157473
1734305957.282473
1734305957.407473
1734305957.545473
1734305957.671473
1734305957.837473
1734305957.962473
1734305958.087473
1734305958.226473
1734305958.351473
1734305958.476473
1734305958.629473
1734305958.768473
1734305958.893473
1734305959.032473
1734305959.157473
1734305959.282473
1734305959.421473
1734305959.559473
1734305959.684473
1734305959.810473
1734305959.948473
1734305960.074473
1734305960.212473
1734305960.337473
1734305960.476473
1734305960.615473
1734305960.754473
1734305960.893473
1734305961.031473
1734305961.157473
1734305961.281473
1734305961.420473
1734305961.559473
1734305961.670473
1734305961.809473
1734305961.948473
1734305962.080473
1734305962.205473
1734305962.351473
1734305962.483473
1734305962.636473
1734305962.747473
1734305962.886473
1734305963.038473
1734305963.1504729
1734305963.2754729
1734305963.413473
1734305963.552473
1734305963.691473
1734305963.830473
1734305963.969473
1734305964.094473
1734305964.233473
1734305964.358473
1734305964.484473
1734305964.636473
1734305964.761473
1734305964.886473
1734305965.0254729
1734305965.149473
1734305965.288473
1734305965.413473
1734305965.553473
1734305965.677473
1734305965.830473
1734305965.955473
1734305966.094473
1734305966.233473
1734305966.358473
1734305966.483473
1734305966.636473
1734305966.761473
1734305966.886473
1734305967.038473
1734305967.136473
1734305967.2754729
1734305967.427473
1734305967.566473
1734305967.677473
1734305967.830473
1734305967.969473
1734305968.080473
1734305968.233473
1734305968.358473
1734305968.483473
1734305968.635473
1734305968.761473
1734305968.886473
1734305969.038473
1734305969.163473
1734305969.274473
1734305969.427473
1734305969.552473
1734305969.691473
1734305969.830473
1734305969.969473
1734305970.080473
1734305970.233473
1734305970.358473
1734305970.483473
1734305970.635473
1734305970.761473
1734305970.886473
1734305971.024473
1734305971.163473
1734305971.288473
1734305971.413473
1734305971.552473
1734305971.691473
1734305971.844473
1734305971.955473
1734305972.094473
1734305972.219473
1734305972.358473
1734305972.483473
1734305972.621473
1734305972.746473
1734305972.871473
1734305973.024473
1734305973.163473
1734305973.302473
1734305973.441473
1734305973.580473
1734305973.719473
1734305973.858473
1734305974.010473
1734305974.136473
1734305974.274473
1734305974.413473
1734305974.538473
1734305974.691473
1734305974.830473
1734305974.941473
1734305975.121473
1734305975.219473
1734305975.343473
1734305975.469473
1734305975.615473
1734305975.739473
1734305975.892473
1734305976.010473
1734305976.149473
1734305976.2754729
1734305976.413473
1734305976.531473
1734305976.677473
1734305976.823473
1734305976.948473
1734305977.087473
1734305977.212473
1734305977.337473
1734305977.490473
1734305977.615473
1734305977.753473
1734305977.878473
1734305978.017473
1734305978.142473
1734305978.309473
1734305978.406473
1734305978.545473
1734305978.670473
1734305978.823473
1734305978.948473
1734305979.101473
1734305979.212473
1734305979.351473
1734305979.476473
1734305979.629473
1734305979.740473
1734305979.878473
1734305980.031473
1734305980.142473
1734305980.267473
1734305980.420473
1734305980.531473
1734305980.684473
1734305980.809473
1734305980.948473
1734305981.087473
1734305981.226473
1734305981.337473
1734305981.489473
1734305981.614473
1734305981.739473
1734305981.878473
1734305982.031473
1734305982.142473
1734305982.281473
1734305982.420473
1734305982.545473
1734305982.670473
1734305982.823473
1734305982.934473
1734305983.101473
1734305983.212473
1734305983.364473
1734305983.476473
1734305983.642473
1734305983.739473
1734305983.892473
1734305984.031473
1734305984.170473
1734305984.267473
1734305984.420473
1734305984.531473
1734305984.684473
1734305984.809473
1734305984.948473
1734305985.073473
1734305985.226473
1734305985.337473
1734305985.489473
1734305985.600473
1734305985.767473
1734305985.892473
1734305986.031473
1734305986.142473
1734305986.281473
1734305986.420473
1734305986.559473
1734305986.684473
1734305986.823473
1734305986.934473
1734305987.086473
1734305987.211473
1734305987.337473
1734305987.475473
1734305987.642473
1734305987.739473
1734305987.892473
1734305988.031473
1734305988.156473
1734305988.281473
1734305988.420473
1734305988.545473
1734305988.698473
1734305988.823473
1734305988.961473
1734305989.087473
1734305989.225473
1734305989.336473
1734305989.489473
1734305989.614473
1734305989.753473
1734305989.892473
1734305990.031473
1734305990.142473
1734305990.281473
1734305990.420473
1734305990.545473
1734305990.670473
1734305990.809473
1734305990.947473
1734305991.100473
1734305991.211473
1734305991.350473
1734305991.475473
1734305991.614473
1734305991.739473
1734305991.878473
1734305992.017473
1734305992.156473
1734305992.295473
1734305992.434473
1734305992.545473
1734305992.684473
1734305992.809473
1734305992.961473
1734305993.073473
1734305993.239473
1734305993.350473
1734305993.475473
1734305993.600473
1734305993.753473
1734305993.892473
1734305994.031473
1734305994.142473
1734305994.295473
1734305994.420473
1734305994.5584729
1734305994.684473
1734305994.822473
1734305994.9334729
1734305995.100473
1734305995.211473
1734305995.350473
1734305995.475473
1734305995.628473
1734305995.739473
1734305995.906473
1734305996.017473
1734305996.156473
1734305996.295473
1734305996.420473
1734305996.531473
1734305996.697473
1734305996.8084729
1734305996.947473
1734305997.086473
1734305997.225473
1734305997.336473
1734305997.503473
1734305997.614473
1734305997.767473
1734305997.892473
1734305998.031473
1734305998.142473
1734305998.295473
1734305998.420473
1734305998.559473
1734305998.670473
1734305998.822473
1734305998.948473
1734305999.100473
1734305999.211473
1734305999.350473
1734305999.489473
1734305999.614473
1734305999.739473
1734305999.892473
1734306000.017473
1734306000.156473
1734306000.295473
1734306000.420473
1734306000.544473
1734306000.697473
1734306000.8084729
1734306000.961473
1734306001.086473
1734306001.225473
1734306001.364473
1734306001.503473
1734306001.614473
1734306001.767473
1734306001.892473
1734306002.031473
1734306002.156473
1734306002.295473
1734306002.420473
1734306002.5584729
1734306002.6834729
1734306002.822473
1734306002.947473
1734306003.086473
1734306003.211473
1734306003.364473
1734306003.489473
1734306003.642473
1734306003.753473
1734306003.905473
1734306004.031473
1734306004.155473
1734306004.295473
1734306004.419473
1734306004.544473
1734306004.697473
1734306004.8084729
1734306004.961473
1734306005.086473
1734306005.211473
1734306005.364473
1734306005.489473
1734306005.614473
1734306005.767473
1734306005.892473
1734306006.031473
1734306006.169473
1734306006.322473
1734306006.461473
1734306006.600473
1734306006.753473
1734306006.892473
1734306007.017473
1734306007.169473
1734306007.294473
1734306007.4334729
1734306007.559473
1734306007.697473
1734306007.836473
1734306007.975473
1734306008.086473
1734306008.239473
1734306008.351473
1734306008.503473
1734306008.641473
1734306008.780473
1734306008.905473
1734306009.0584729
1734306009.169473
1734306009.294473
1734306009.447473
1734306009.572473
1734306009.669473
1734306009.836473
1734306009.961473
1734306010.100473
1734306010.225473
1734306010.378473
1734306010.503473
1734306010.642473
1734306010.766473
1734306010.906473
1734306011.031473
1734306011.169473
1734306011.294473
1734306011.434473
1734306011.560473
1734306011.697473
1734306011.822473
1734306011.961473
1734306012.086473
1734306012.253473
1734306012.364473
1734306012.503473
1734306012.641473
1734306012.766473
1734306012.8774729
1734306013.037473
