1734304503.2117279
1734304507.914728
1734304508.2387278
1734304508.3147278
1734304508.571728
1734304508.8567278
1734304509.121728
1734304509.377728
1734304509.647728
1734304509.9187279
1734304510.1827278
1734304510.454728
1734304510.730728
1734304510.9877279
1734304511.259728
1734304511.529728
1734304511.786728
1734304512.0577278
1734304512.321728
1734304512.585728
1734304512.855728
1734304513.1337278
1734304513.3837278
1734304513.661728
1734304513.9327278
1734304514.1897278
1734304514.453728
1734304514.716728
1734304514.980728
1734304515.2587278
1734304515.5157278
1734304515.7877278
1734304516.0647278
1734304516.328728
1734304516.591728
1734304516.8627279
1734304517.1207278
1734304517.3837278
1734304517.654728
1734304517.9327278
1734304518.2027278
1734304518.4877279
1734304518.7657278
1734304519.036728
1734304519.328728
1734304519.5777278
1734304519.848728
1734304520.1267278
1734304520.3797278
1734304520.647728
1734304520.9187279
1734304521.181728
1734304521.453728
1734304521.716728
1734304521.9747279
1734304522.2517278
1734304522.522728
1734304522.779728
1734304523.049728
1734304523.321728
1734304523.5847278
1734304523.848728
1734304524.1197278
1734304524.2377279
1734304524.4947278
1734304524.7447278
1734304525.0087278
1734304525.2787278
1734304525.5437279
1734304525.8137279
1734304526.091728
1734304526.3567278
1734304526.6267278
1734304526.897728
1734304527.154728
1734304527.4257278
1734304527.696728
1734304527.953728
1734304528.216728
1734304528.4947278
1734304528.7587278
1734304529.022728
1734304529.453728
1734304529.716728
1734304529.973728
1734304530.2517278
1734304530.522728
1734304530.772728
1734304531.049728
1734304531.3137279
1734304531.571728
1734304531.841728
1734304532.1127279
1734304532.3767278
1734304532.6407278
1734304532.910728
1734304533.167728
1734304533.446728
1734304533.7097278
1734304533.973728
1734304534.2517278
1734304534.5087278
1734304534.7657278
1734304535.035728
1734304535.3137279
1734304535.5777278
1734304535.841728
1734304536.1197278
1734304536.3897278
1734304536.647728
1734304536.910728
1734304537.1957278
1734304537.4397278
1734304537.7097278
1734304537.9877279
1734304538.2447278
1734304538.5157278
1734304538.786728
1734304539.0777278
1734304539.348728
1734304539.6267278
1734304539.9037278
1734304540.174728
1734304540.4387279
1734304540.7097278
1734304540.973728
1734304541.2377279
1734304541.5087278
1734304541.779728
1734304542.035728
1734304542.306728
1734304542.5707278
1734304542.8347278
1734304543.105728
1734304543.216728
1734304543.5017278
1734304543.7647278
1734304544.0217278
1734304544.299728
1734304544.5637279
1734304544.821728
1734304545.098728
1734304545.368728
1734304545.6267278
1734304545.897728
1734304546.167728
1734304546.424728
1734304546.6957278
1734304546.9877279
1734304547.2647278
1734304547.542728
1734304547.799728
1734304548.0637279
1734304548.473728
1734304548.736728
1734304549.000728
1734304549.2647278
1734304549.535728
1734304549.8347278
1734304550.0707278
1734304550.542728
1734304550.785728
1734304551.056728
1734304551.3277278
1734304551.605728
1734304551.868728
1734304552.1337278
1734304552.3897278
1734304552.660728
1734304552.931728
1734304553.1957278
1734304553.466728
1734304553.730728
1734304553.993728
1734304554.250728
1734304554.535728
1734304554.786728
1734304555.0637279
1734304555.4657278
1734304555.7377279
1734304556.000728
1734304556.2717278
1734304556.535728
1734304556.799728
1734304557.0637279
1734304557.3337278
1734304557.604728
1734304557.8697278
1734304558.1397278
1734304558.2717278
1734304558.542728
1734304558.828728
1734304559.0977278
1734304559.3967278
1734304559.6467278
1734304559.9257278
1734304560.1887279
1734304560.444728
1734304560.7157278
1734304560.9877279
1734304561.243728
1734304561.522728
1734304561.792728
1734304562.0637279
1734304562.3277278
1734304562.5907278
1734304562.8477278
1734304563.125728
1734304563.3897278
1734304563.6397278
1734304563.917728
1734304564.194728
1734304564.4387279
1734304564.7157278
1734304564.9877279
1734304565.250728
1734304565.542728
1734304565.792728
1734304566.0577278
1734304566.4657278
1734304566.729728
1734304567.000728
1734304567.2577279
1734304567.5287278
1734304567.799728
1734304568.0577278
1734304568.3337278
1734304568.5977278
1734304568.855728
1734304569.125728
1734304569.5147278
1734304569.785728
1734304570.062728
1734304570.3407278
1734304570.5977278
1734304570.855728
1734304571.118728
1734304571.3897278
1734304571.660728
1734304571.923728
1734304572.187728
1734304572.4587278
1734304572.729728
1734304573.0147278
1734304573.2577279
1734304573.522728
1734304573.7917278
1734304574.056728
1734304574.3267279
1734304574.5907278
1734304574.875728
1734304575.125728
1734304575.4027278
1734304575.673728
1734304575.924728
1734304576.194728
1734304576.4517279
1734304576.7227278
1734304577.000728
1734304577.2577279
1734304577.4027278
1734304577.6597278
1734304577.924728
1734304578.2017279
1734304578.3267279
1734304578.5977278
1734304578.855728
1734304579.125728
1734304579.3967278
1734304579.6597278
1734304579.931728
1734304580.194728
1734304580.4587278
1734304580.7227278
1734304581.000728
1734304581.2577279
1734304581.5217278
1734304581.798728
1734304582.0637279
1734304582.4657278
1734304582.736728
1734304583.0077279
1734304583.2717278
1734304583.5277278
1734304583.798728
1734304584.0637279
1734304584.3337278
1734304584.5977278
1734304584.861728
1734304585.125728
1734304585.3957279
1734304585.673728
1734304585.937728
1734304586.2017279
1734304586.4587278
1734304586.7227278
1734304587.000728
1734304587.249728
1734304587.5207279
1734304587.805728
1734304588.069728
1734304588.3337278
1734304588.5977278
1734304588.868728
1734304589.124728
