1734304502.4298384
1734304502.5460467
1734304502.678118
1734304502.8177547
1734304502.943192
1734304503.0728407
1734304503.215326
1734304503.3429842
1734304507.7443852
1734304508.017325
1734304508.2981913
1734304508.5504014
1734304508.6931388
1734304508.943225
1734304509.2319245
1734304509.4958909
1734304509.7445283
1734304510.0146306
1734304510.2947586
1734304510.5463803
1734304510.8231494
1734304511.1010554
1734304511.3432302
1734304511.621349
1734304511.8949485
1734304512.1431
1734304512.418515
1734304512.6934936
1734304512.9431498
1734304513.2171228
1734304513.5012486
1734304513.743162
1734304514.016247
1734304514.2932916
1734304514.5453439
1734304514.8168776
1734304515.0925016
1734304515.343723
1734304515.6254647
1734304515.8869412
1734304516.146407
1734304516.4215465
1734304516.6999443
1734304516.9564116
1734304517.2348952
1734304517.4945898
1734304517.7503338
1734304518.0178347
1734304518.286856
1734304518.580102
1734304518.8535764
1734304519.1210954
1734304519.4121718
1734304519.682136
1734304519.9378989
1734304520.2107513
1734304520.4897687
1734304520.7400658
1734304521.014497
1734304521.2836046
1734304521.5416243
1734304521.8160613
1734304522.084407
1734304522.3455348
1734304522.6136425
1734304522.884146
1734304523.1411672
1734304523.4118502
1734304523.6821628
1734304523.9453435
1734304524.2087407
1734304524.4854844
1734304524.6163297
1734304524.882439
1734304525.1386564
1734304525.409749
1734304525.67883
1734304525.940188
1734304526.2103715
1734304526.4871068
1734304526.7405376
1734304527.0121114
1734304527.2800033
1734304527.536547
1734304527.8104353
1734304528.0816734
1734304528.3368165
1734304528.6068468
1734304528.8812852
1734304529.145485
1734304529.4107707
1734304529.813947
1734304530.082585
1734304530.3459275
1734304530.6163478
1734304530.8831053
1734304531.1414242
1734304531.40941
1734304531.6905274
1734304531.9371803
1734304532.2128932
1734304532.481547
1734304532.7412014
1734304533.0090241
1734304533.2796052
1734304533.535664
1734304533.8140516
1734304534.0815282
1734304534.3421292
1734304534.6232836
1734304534.883714
1734304535.1378672
1734304535.4139187
1734304535.6833866
1734304535.9595277
1734304536.2109253
1734304536.4874117
1734304536.7624693
1734304537.0169773
1734304537.2816117
1734304537.5647686
1734304537.8120716
1734304538.0810957
1734304538.3615692
1734304538.6140811
1734304538.8794491
1734304539.1573036
1734304539.4477372
1734304539.719537
1734304539.9951277
1734304540.2746239
1734304540.5480435
1734304540.8038826
1734304541.078982
1734304541.3470113
1734304541.6084137
1734304541.8719225
1734304542.146699
1734304542.4053822
1734304542.6779428
1734304542.9446907
1734304543.2027278
1734304543.4761105
1734304543.6088934
1734304543.8739007
1734304544.1491106
1734304544.407242
1734304544.6877882
1734304544.9470556
1734304545.204262
1734304545.4794214
1734304545.7549524
1734304546.0031817
1734304546.2764683
1734304546.5510597
1734304546.8063111
1734304547.074591
1734304547.3694339
1734304547.6397052
1734304547.9108634
1734304548.1714907
1734304548.4420414
1734304548.833598
1734304549.1042445
1734304549.377487
1734304549.6342487
1734304549.9053917
1734304550.1753206
1734304550.4502423
1734304550.873582
1734304551.1410263
1734304551.4101102
1734304551.701542
1734304551.9726927
1734304552.2379544
1734304552.5057578
1734304552.7762976
1734304553.033809
1734304553.3046806
1734304553.5723808
1734304553.8373468
1734304554.105498
1734304554.3797383
1734304554.6313348
1734304554.9064293
1734304555.171181
1734304555.4310288
1734304555.834109
1734304556.1037128
1734304556.3818233
1734304556.634911
1734304556.9017165
1734304557.1699357
1734304557.4277499
1734304557.699254
1734304557.9695647
1734304558.2327816
1734304558.4996717
1734304558.6475904
1734304558.9152884
1734304559.1940155
1734304559.4795253
1734304559.756266
1734304560.017622
1734304560.2924232
1734304560.5651748
1734304560.8227384
1734304561.0935476
1734304561.3647375
1734304561.6165576
1734304561.9004066
1734304562.1712372
1734304562.4332087
1734304562.7013204
1734304562.9715781
1734304563.21989
1734304563.5037782
1734304563.7647755
1734304564.0171578
1734304564.292461
1734304564.5724802
1734304564.8237703
1734304565.0968144
1734304565.3679402
1734304565.6205416
1734304565.9056122
1734304566.173673
1734304566.4381366
1734304566.8369672
1734304567.0920932
1734304567.3638966
1734304567.6362598
1734304567.8943486
1734304568.1649008
1734304568.439247
1734304568.703708
1734304568.967796
1734304569.2334971
1734304569.4927635
1734304569.8939576
1734304570.1657047
1734304570.4365156
1734304570.7036567
1734304570.973451
1734304571.234931
1734304571.49269
1734304571.764157
1734304572.0360434
1734304572.2971547
1734304572.5647342
1734304572.8368886
1734304573.096046
1734304573.3845441
1734304573.6379082
1734304573.8949423
1734304574.1645052
1734304574.4339588
1734304574.698463
1734304574.9750836
1734304575.2400088
1734304575.496246
1734304575.7740312
1734304576.0505955
1734304576.291954
1734304576.5673516
1734304576.8348837
1734304577.096743
1734304577.3661587
1734304577.6346757
1734304577.775287
1734304578.036587
1734304578.2933116
1734304578.5671895
1734304578.695895
1734304578.9694564
1734304579.2337286
1734304579.4919689
1734304579.770338
1734304580.0418963
1734304580.29713
1734304580.568572
1734304580.832958
1734304581.0982459
1734304581.3710296
1734304581.6344893
1734304581.894352
1734304582.1677318
1734304582.4366958
1734304582.837332
1734304583.1020997
1734304583.3721595
1734304583.6369758
1734304583.8993044
1734304584.1706893
1734304584.4374137
1734304584.705854
1734304584.968703
1734304585.239111
1734304585.4934437
1734304585.7672994
1734304586.0510657
1734304586.3049502
1734304586.5705564
1734304586.8357913
1734304587.0938194
1734304587.3679156
1734304587.6329062
1734304587.892026
1734304588.181889
1734304588.440013
1734304588.702966
1734304588.9660645
1734304589.236895
1734304589.4955049
1734304589.7656279
1734304590.040795
1734304590.2934349
1734304590.568455
1734304590.8383224
1734304591.1170783
1734304591.3776996
1734304591.6670098
1734304591.936826
1734304592.2323315
1734304592.48643
1734304592.7769928
1734304593.0390377
1734304593.2819428
1734304593.5605638
1734304593.8303545
1734304594.092722
1734304594.3646386
1734304594.628188
1734304594.9048162
1734304595.1953545
1734304595.4595647
1734304595.875716
1734304596.1489272
1734304596.4207072
1734304596.6923094
1734304596.9479349
1734304597.2266374
1734304597.4989846
1734304597.897177
1734304598.1539364
1734304598.4414556
1734304598.7035012
1734304598.9472697
1734304599.2211127
1734304599.4914007
1734304599.7463028
1734304600.0192013
1734304600.2966843
1734304600.5654004
1734304600.70535
1734304600.9784307
1734304601.2653959
1734304601.538486
1734304601.8169827
1734304602.0842535
1734304602.3430533
1734304602.6094525
1734304602.8843708
1734304603.1505454
1734304603.4179103
1734304603.690586
1734304603.9394119
1734304604.2157125
1734304604.4887452
1734304604.7383122
1734304605.0139802
1734304605.2840447
1734304605.538653
1734304605.8091812
1734304606.0859618
1734304606.3424137
1734304606.6123776
1734304606.882708
1734304607.1493027
1734304607.4112847
1734304607.6824036
1734304607.945279
1734304608.2171407
1734304608.4847467
1734304608.7389615
1734304609.0228326
1734304609.2880187
1734304609.5428634
1734304609.8128226
1734304610.0891707
1734304610.345081
1734304610.6146424
1734304610.88465
1734304611.1401443
1734304611.409415
1734304611.6873217
1734304611.9396353
1734304612.2136242
1734304612.496302
1734304612.8819108
1734304613.1674583
1734304613.41452
1734304613.6852689
1734304613.9676166
1734304614.2163594
1734304614.487918
1734304614.8987598
1734304615.1717844
1734304615.4416125
1734304615.861102
1734304616.156386
1734304616.4126132
1734304616.6777422
1734304616.9504893
1734304617.2118177
1734304617.476044
1734304617.748571
1734304618.0041852
1734304618.2798042
1734304618.5506532
1734304618.6821291
1734304618.9514122
1734304619.214721
1734304619.483038
1734304619.8884673
1734304620.1568203
1734304620.4143276
1734304620.6840882
1734304620.9506443
1734304621.2390397
1734304621.5079741
1734304621.7987185
1734304622.0691426
1734304622.3412602
1734304622.60044
