1734301205.047439
1734301205.1514392
1734301205.2904391
1734301205.393439
1734301205.5204391
1734301205.6654391
1734301205.775439
1734301210.7044392
1734301210.833439
1734301211.0724392
1734301211.314439
1734301211.5504391
1734301211.787439
1734301212.041439
1734301212.278439
1734301212.5204391
1734301212.7564392
1734301212.9994392
1734301213.241439
1734301213.478439
1734301213.7204392
1734301213.969439
1734301214.199439
1734301214.472439
1734301214.6904392
1734301214.926439
1734301215.162439
1734301215.4114392
1734301215.6414392
1734301215.8844392
1734301216.1324391
1734301216.387439
1734301216.6054392
1734301216.860439
1734301217.090439
1734301217.344439
1734301217.581439
1734301217.8234391
1734301218.0654392
1734301218.3024392
1734301218.581439
1734301218.8054392
1734301219.0234392
1734301219.2664392
1734301219.508439
1734301219.7504392
1734301220.011439
1734301220.254439
1734301220.4964392
1734301220.732439
1734301220.975439
1734301221.2174392
1734301221.350439
1734301221.4904392
1734301221.6114392
1734301221.738439
1734301221.8854392
1734301222.011439
1734301222.1384392
1734301222.2664392
1734301222.4054391
1734301222.5324392
1734301222.660439
1734301222.7994392
1734301222.926439
1734301223.054439
1734301223.199439
1734301223.3264391
1734301223.4544392
1734301223.593439
1734301223.7204392
1734301223.847439
1734301223.9934392
1734301224.120439
1734301224.248439
1734301224.393439
1734301224.514439
1734301224.6414392
1734301224.7694392
1734301224.9144392
1734301225.041439
1734301225.169439
1734301225.314439
1734301225.442439
1734301225.5694392
1734301225.708439
1734301225.8354392
1734301225.9634392
1734301226.1084392
1734301226.2604392
1734301226.3694391
1734301226.514439
1734301226.6424391
1734301226.7694392
1734301226.8124392
1734301226.9634392
1734301227.1084392
1734301227.2174392
1734301227.357439
1734301227.478439
1734301227.6054392
1734301227.7504392
1734301227.8294392
1734301227.969439
1734301228.126439
1734301228.241439
1734301228.3694391
1734301228.4964392
1734301228.6354392
1734301228.7634392
1734301228.890439
1734301229.0234392
1734301229.1574392
1734301229.284439
1734301229.4114392
1734301229.5634391
1734301229.6904392
1734301229.811439
1734301229.9574392
1734301230.084439
1734301230.2174392
1734301230.3514392
1734301230.478439
1734301230.6054392
1734301230.7634392
1734301230.8164392
1734301230.9574392
1734301231.084439
1734301231.2234392
1734301231.350439
1734301231.478439
1734301231.629439
1734301231.7504392
1734301231.9774392
1734301232.084439
1734301232.205439
1734301232.3514392
1734301232.478439
1734301232.6054392
1734301232.7334392
1734301232.926439
1734301233.011439
1734301233.1324391
1734301233.2904391
1734301233.4054391
1734301233.5694392
1734301233.817439
1734301233.9484391
1734301234.1874392
1734301234.4174392
1734301234.6544392
1734301234.896439
1734301235.1454391
1734301235.3814392
1734301235.617439
1734301235.866439
1734301236.1024392
1734301236.344439
1734301236.581439
1734301236.817439
1734301237.0784392
1734301237.3024392
1734301237.544439
1734301237.702439
1734301237.8484392
1734301237.969439
1734301238.0964391
1734301238.2364392
1734301238.363439
1734301238.4904392
1734301238.629439
1734301238.7634392
1734301238.8844392
1734301239.0294392
1734301239.163439
1734301239.284439
1734301239.429439
1734301239.557439
1734301239.6904392
1734301239.817439
1734301239.9574392
1734301240.084439
1734301240.2114391
1734301240.357439
1734301240.4844391
1734301240.6114392
1734301240.751439
1734301240.8784392
1734301241.0234392
1734301241.1574392
1734301241.2964392
1734301241.4114392
1734301241.557439
1734301241.6784391
1734301241.811439
1734301241.9384391
1734301242.0784392
1734301242.2114391
1734301242.3384392
1734301242.478439
1734301242.6054392
1734301242.732439
1734301242.8784392
1734301243.005439
1734301243.1324391
1734301243.278439
1734301243.4054391
1734301243.5324392
1734301243.672439
1734301243.7994392
1734301243.926439
1734301244.0964391
1734301244.205439
1734301244.3264391
1734301244.4544392
1734301244.6054392
1734301244.7264392
1734301244.854439
1734301244.9994392
1734301245.126439
1734301245.2724392
1734301245.399439
1734301245.5264392
1734301245.6544392
1734301245.7994392
1734301245.926439
1734301246.054439
1734301246.193439
1734301246.3264391
1734301246.4544392
1734301246.6054392
1734301246.7204392
1734301246.8484392
1734301246.981439
1734301247.120439
1734301247.278439
1734301247.4114392
1734301247.5634391
1734301247.660439
1734301247.7994392
1734301247.933439
1734301248.060439
1734301248.1874392
1734301248.3324392
1734301248.4604392
1734301248.593439
1734301248.716439
1734301248.860439
1734301248.9874392
1734301249.1514392
1734301249.254439
1734301249.4054391
1734301249.508439
1734301249.666439
1734301249.787439
1734301249.9154391
1734301250.054439
1734301250.1814392
1734301250.3394392
1734301250.4604392
1734301250.587439
1734301250.715439
1734301250.854439
1734301250.981439
1734301251.114439
1734301251.248439
1734301251.3814392
1734301251.515439
1734301251.666439
1734301251.787439
1734301251.9084392
1734301252.0424392
1734301252.1814392
1734301252.320439
1734301252.435439
1734301252.581439
1734301252.709439
1734301252.8354392
1734301252.981439
1734301253.114439
1734301253.2604392
1734301253.3754392
1734301253.514439
1734301253.6424391
1734301253.775439
1734301253.9084392
1734301254.0424392
1734301254.169439
1734301254.3094392
1734301254.442439
1734301254.5634391
1734301254.7144392
1734301254.8724391
1734301254.9934392
1734301255.139439
1734301255.2604392
1734301255.393439
1734301255.5334392
1734301255.666439
1734301255.7934391
1734301255.9204392
1734301256.0664392
1734301256.193439
1734301256.320439
1734301256.466439
1734301256.593439
1734301256.7204392
1734301256.860439
1734301256.9874392
1734301257.1214392
1734301257.2604392
1734301257.393439
1734301257.5204391
1734301257.660439
1734301257.787439
1734301257.9204392
1734301258.048439
1734301258.193439
1734301258.320439
1734301258.4484391
1734301258.587439
1734301258.7204392
1734301258.8484392
1734301258.9874392
1734301259.120439
1734301259.248439
1734301259.393439
1734301259.502439
1734301259.630439
1734301259.775439
1734301259.9274392
1734301260.0304391
1734301260.1754391
1734301260.2964392
1734301260.4304392
1734301260.5694392
1734301260.696439
1734301260.870439
1734301261.0174391
1734301261.1454391
1734301261.2904391
1734301261.4174392
1734301261.551439
1734301261.6844392
1734301261.7994392
1734301261.9574392
1734301262.0784392
1734301262.199439
1734301262.3454392
1734301262.4964392
1734301262.6054392
1734301262.751439
1734301262.932439
1734301263.0234392
1734301263.1574392
1734301263.284439
1734301263.4114392
1734301263.5754392
1734301263.709439
1734301263.824439
1734301263.9574392
1734301264.090439
1734301264.218439
1734301264.3514392
1734301264.4904392
1734301264.630439
1734301264.7694392
1734301264.939439
1734301265.024439
1734301265.1454391
1734301265.2904391
1734301265.4174392
1734301265.5634391
1734301265.685439
1734301265.817439
1734301265.9044392
1734301266.012439
1734301266.163439
1734301266.284439
1734301266.4184391
1734301266.551439
1734301266.6784391
1734301266.8054392
1734301266.969439
1734301267.084439
1734301267.205439
1734301267.3454392
1734301267.478439
1734301267.6054392
1734301267.742439
1734301267.9474392
1734301268.0724392
1734301268.199439
1734301268.3754392
1734301268.472439
1734301268.623439
1734301268.745439
1734301268.8844392
1734301268.9994392
1734301269.1454391
1734301269.2724392
1734301269.4054391
1734301269.5454392
1734301269.672439
1734301269.7994392
1734301269.939439
1734301270.084439
1734301270.199439
1734301270.3514392
1734301270.472439
1734301270.5994391
1734301270.7274392
1734301270.959439
1734301271.0664392
1734301271.2114391
1734301271.3394392
1734301271.466439
1734301271.630439
1734301271.739439
1734301271.866439
1734301272.0064392
1734301272.1514392
1734301272.285439
1734301272.393439
1734301272.5394392
1734301272.666439
1734301272.7934391
1734301272.945439
1734301273.0664392
1734301273.193439
1734301273.3394392
1734301273.466439
1734301273.6054392
1734301273.739439
1734301273.9474392
1734301274.054439
1734301274.199439
1734301274.327439
1734301274.4604392
1734301274.600439
1734301274.7274392
1734301274.8554392
1734301274.9934392
1734301275.1214392
1734301275.254439
1734301275.3814392
1734301275.521439
1734301275.6484392
1734301275.775439
1734301275.9214392
1734301276.048439
1734301276.1754391
1734301276.3154392
1734301276.466439
1734301276.5754392
1734301276.7214391
1734301276.8484392
1734301276.9764392
1734301277.1214392
1734301277.242439
1734301277.3694391
1734301277.514439
1734301277.6424391
1734301277.781439
1734301277.902439
1734301278.0424392
1734301278.1754391
1734301278.3034391
1734301278.4484391
1734301278.5754392
1734301278.702439
1734301278.854439
1734301278.969439
1734301279.114439
1734301279.242439
1734301279.3754392
1734301279.502439
1734301279.666439
1734301279.7694392
1734301279.8524392
1734301279.9994392
1734301280.127439
1734301280.254439
1734301280.3814392
1734301280.5394392
1734301280.660439
1734301280.787439
1734301280.9144392
1734301281.054439
1734301281.1814392
1734301281.321439
1734301281.4544392
1734301281.5824392
1734301281.709439
1734301281.866439
1734301281.981439
1734301282.127439
1734301282.254439
1734301282.3814392
1734301282.5094392
1734301282.6544392
1734301282.781439
1734301282.909439
1734301283.048439
1734301283.1814392
1734301283.3094392
1734301283.442439
1734301283.606439
1734301283.708439
1734301283.8364391
1734301283.981439
1734301284.1094391
1734301284.2364392
1734301284.3814392
1734301284.5094392
1734301284.636439
1734301284.781439
1734301284.9214392
1734301285.0364392
1734301285.1814392
1734301285.3094392
1734301285.436439
1734301285.587439
1734301285.709439
1734301285.8364391
1734301285.9634392
1734301286.1094391
1734301286.242439
1734301286.363439
1734301286.5094392
1734301286.636439
1734301287.889439
1734301288.0364392
1734301288.0424392
1734301288.048439
1734301288.054439
1734301288.060439
1734301288.0664392
1734301288.193439
1734301288.3454392
1734301288.4844391
1734301288.7274392
1734301288.7334392
1734301288.8784392
1734301288.9934392
1734301289.1514392
1734301289.2904391
1734301289.4544392
1734301289.600439
1734301289.7634392
1734301289.781439
1734301289.9214392
1734301290.048439
1734301290.169439
1734301290.3154392
1734301290.442439
1734301290.5694392
1734301290.715439
1734301290.8364391
1734301290.969439
1734301291.0964391
1734301291.2364392
1734301291.3694391
1734301291.4964392
1734301291.636439
1734301291.7634392
1734301292.002439
1734301292.133439
1734301292.2604392
1734301292.387439
1734301292.5334392
1734301292.660439
1734301292.787439
1734301292.933439
1734301298.1054392
1734301298.1054392
1734301298.2364392
1734301298.478439
1734301298.7214391
1734301300.067439
1734301300.248439
1734301300.4844391
1734301300.739439
1734301300.981439
1734301302.603439
1734301302.604439
1734301302.7934391
1734301303.0424392
