1734301205.2448723
1734301205.3581579
1734301205.4859233
1734301205.5994844
1734301205.7255938
1734301205.855765
1734301205.9671898
1734301210.413884
1734301210.6540353
1734301210.9099987
1734301211.0232928
1734301211.2611396
1734301211.5021796
1734301211.7428653
1734301211.9830754
1734301212.224987
1734301212.4612896
1734301212.7022805
1734301212.9423883
1734301213.1842227
1734301213.4390905
1734301213.6779215
1734301213.918124
1734301214.1579018
1734301214.3967936
1734301214.6390288
1734301214.877061
1734301215.1192667
1734301215.3569794
1734301215.5987253
1734301215.8399441
1734301216.0815556
1734301216.3181193
1734301216.558208
1734301216.7975395
1734301217.0459752
1734301217.2816267
1734301217.5174336
1734301217.7596743
1734301217.9976969
1734301218.2414963
1734301218.4783344
1734301218.7351208
1734301218.9761064
1734301219.2143965
1734301219.4537277
1734301219.69352
1734301219.9340513
1734301220.1789985
1734301220.4131324
1734301220.6571176
1734301220.8995264
1734301221.1362305
1734301221.37618
1734301221.5030358
1734301221.6459048
1734301221.7749934
1734301221.9030225
1734301222.0460415
1734301222.1820338
1734301222.3051786
1734301222.4460926
1734301222.5763042
1734301222.7022502
1734301222.8448763
1734301222.9751809
1734301223.1043038
1734301223.2313514
1734301223.3910453
1734301223.501243
1734301223.6291988
1734301223.7750354
1734301223.9021614
1734301224.0292249
1734301224.1771538
1734301224.304263
1734301224.4304705
1734301224.5750284
1734301224.7079382
1734301224.829455
1734301224.9753528
1734301225.1009493
1734301225.2307713
1734301225.359254
1734301225.5008357
1734301225.6273472
1734301225.7551775
1734301225.9002895
1734301226.0278335
1734301226.1596935
1734301226.303166
1734301226.4280741
1734301226.5567696
1734301226.7008526
1734301226.8279386
1734301226.9570582
1734301227.020477
1734301227.1696768
1734301227.2950835
1734301227.421964
1734301227.5635622
1734301227.6924787
1734301227.8191822
1734301227.966007
1734301228.0282578
1734301228.1581922
1734301228.2980392
1734301228.430935
1734301228.5560257
1734301228.6841228
1734301228.828352
1734301228.9555862
1734301229.084359
1734301229.2299473
1734301229.3565826
1734301229.4844959
1734301229.6272767
1734301229.7553287
1734301229.8832831
1734301230.012811
1734301230.159084
1734301230.289519
1734301230.4181516
1734301230.5560102
1734301230.6839027
1734301230.811591
1734301230.9569077
1734301231.0215597
1734301231.148756
1734301231.281678
1734301231.4269798
1734301231.5534456
1734301231.6769533
1734301231.8198984
1734301231.9483955
1734301232.1412659
1734301232.2862277
1734301232.415167
1734301232.5513668
1734301232.688861
1734301232.8130896
1734301232.9415288
1734301233.0849056
1734301233.213367
1734301233.344746
1734301233.493071
1734301233.6135907
1734301233.7761872
1734301234.017153
1734301234.1422098
1734301234.3814313
1734301234.629629
1734301234.8615289
1734301235.1008508
1734301235.3431761
1734301235.580758
1734301235.821552
1734301236.0642798
1734301236.3063686
1734301236.5407636
1734301236.7840333
1734301237.0218153
1734301237.2632837
1734301237.503135
1734301237.751593
1734301237.8854444
1734301238.0129008
1734301238.1419225
1734301238.2789807
1734301238.4142306
1734301238.5453553
1734301238.6689448
1734301238.8120258
1734301238.9414618
1734301239.070876
1734301239.212096
1734301239.3425608
1734301239.4710236
1734301239.6134737
1734301239.7403505
1734301239.869417
1734301240.0142422
1734301240.139557
1734301240.2716107
1734301240.3976002
1734301240.5432947
1734301240.6711495
1734301240.796885
1734301240.941017
1734301241.072484
1734301241.1963089
1734301241.344071
1734301241.471108
1734301241.5982366
1734301241.742316
1734301241.8732357
1734301241.996022
1734301242.141055
1734301242.2685416
1734301242.399024
1734301242.5423224
1734301242.6691763
1734301242.798621
1734301242.9246907
1734301243.0689304
1734301243.196289
1734301243.3292212
1734301243.4818535
1734301243.5994685
1734301243.7259195
1734301243.87007
1734301243.9960725
1734301244.1247072
1734301244.269562
1734301244.3984318
1734301244.5270634
1734301244.6720572
1734301244.798285
1734301244.9241755
1734301245.0532875
1734301245.1960907
1734301245.3247309
1734301245.4544804
1734301245.5982504
1734301245.7234273
1734301245.85296
1734301245.9973004
1734301246.1251388
1734301246.2520156
1734301246.3982675
1734301246.5271964
1734301246.6531446
1734301246.7972217
1734301246.9233723
1734301247.0527015
1734301247.1801083
1734301247.3277006
1734301247.4555671
1734301247.5840077
1734301247.7262697
1734301247.8523886
1734301247.9819052
1734301248.1231997
1734301248.2517636
1734301248.381969
1734301248.525882
1734301248.6540666
1734301248.781502
1734301248.9247117
1734301249.053024
1734301249.1823008
1734301249.326134
1734301249.4536173
1734301249.5810473
1734301249.7124522
1734301249.854199
1734301249.980677
1734301250.1094043
1734301250.2520077
1734301250.381863
1734301250.5097823
1734301250.6578672
1734301250.7834072
1734301250.9091382
1734301251.0534337
1734301251.1797688
1734301251.3091252
1734301251.453305
1734301251.581368
1734301251.7112997
1734301251.8379219
1734301251.9804337
1734301252.109953
1734301252.2368207
1734301252.381201
1734301252.5097432
1734301252.6382132
1734301252.7821653
1734301252.9096923
1734301253.037885
1734301253.180087
1734301253.3160338
1734301253.4410727
1734301253.5818706
1734301253.7117531
1734301253.8408825
1734301253.980319
1734301254.1095433
1734301254.241364
1734301254.364325
1734301254.5120795
1734301254.6402142
1734301254.7658198
1734301254.9085746
1734301255.0391762
1734301255.1648202
1734301255.3075554
1734301255.439259
1734301255.5661745
1734301255.7122376
1734301255.8411045
1734301255.9661775
1734301256.1127315
1734301256.2359774
1734301256.364
1734301256.4943583
1734301256.639096
1734301256.7652369
1734301256.9001133
1734301257.0371485
1734301257.1647437
1734301257.292349
1734301257.4395363
1734301257.5659368
1734301257.6930094
1734301257.8391802
1734301257.9642935
1734301258.0919755
1734301258.2366085
1734301258.3647847
1734301258.4933188
1734301258.621611
1734301258.7656198
1734301258.8934793
1734301259.0211973
1734301259.1643004
1734301259.2918377
1734301259.4200726
1734301259.5686646
1734301259.6923583
1734301259.8221526
1734301259.9639974
1734301260.0942895
1734301260.2209008
1734301260.3673239
1734301260.4927447
1734301260.6210947
1734301260.7659113
1734301260.8914263
1734301261.0840495
1734301261.2280333
1734301261.357417
1734301261.4853306
1734301261.6315832
1734301261.7581158
1734301261.884806
1734301262.0131845
1734301262.1559386
1734301262.283333
1734301262.4117427
1734301262.5576773
1734301262.6852326
1734301262.8112047
1734301262.9561684
1734301263.0825796
1734301263.2112243
1734301263.3598952
1734301263.4841495
1734301263.6137402
1734301263.7561724
1734301263.8833528
1734301264.0122087
1734301264.155055
1734301264.2835076
1734301264.4129033
1734301264.5419812
1734301264.6844978
1734301264.8117626
1734301264.940102
1734301265.0830648
1734301265.2109785
1734301265.3399572
1734301265.4838736
1734301265.6145062
1734301265.7429955
1734301265.8824005
1734301266.0134172
1734301266.076255
1734301266.2052233
1734301266.347478
1734301266.4765503
1734301266.6061604
1734301266.7479439
1734301266.8749983
1734301267.0050795
1734301267.1471958
1734301267.275965
1734301267.4049962
1734301267.5488296
1734301267.676644
1734301267.806261
1734301267.9326854
1734301268.139406
1734301268.267756
1734301268.4117637
1734301268.5536795
1734301268.6689796
1734301268.8135586
1734301268.9396422
1734301269.0703585
1734301269.1949165
1734301269.339765
1734301269.4680982
1734301269.5970643
1734301269.7423034
1734301269.8672047
1734301269.9947062
1734301270.1393588
1734301270.2699628
1734301270.395221
1734301270.5402079
1734301270.6702497
1734301270.7966883
1734301270.9429047
1734301271.1316555
1734301271.259541
1734301271.4053895
1734301271.537233
1734301271.661046
1734301271.8083982
1734301271.9330087
1734301272.062767
1734301272.2046921
1734301272.3307407
1734301272.459958
1734301272.5877504
1734301272.7353013
1734301272.8614569
1734301272.9891608
1734301273.1302967
1734301273.2595108
1734301273.3884192
1734301273.5373926
1734301273.660028
1734301273.7887957
1734301273.9335067
1734301274.12272
1734301274.2512066
1734301274.3949008
1734301274.5233102
1734301274.652885
1734301274.7967343
1734301274.9242551
1734301275.055996
1734301275.1952744
1734301275.3227606
1734301275.4533188
1734301275.5982523
1734301275.7249563
1734301275.8522246
1734301275.9802604
1734301276.1232555
1734301276.2519248
1734301276.3795772
1734301276.5224338
1734301276.6521175
1734301276.7802713
1734301276.926142
1734301277.0571022
1734301277.1858048
1734301277.324293
1734301277.4509513
1734301277.5797446
1734301277.7273788
1734301277.851268
1734301277.979891
1734301278.1121771
1734301278.2515798
1734301278.381341
1734301278.5070255
1734301278.6522593
1734301278.7830234
1734301278.9108574
1734301279.0551271
1734301279.1790679
1734301279.309525
1734301279.4521072
1734301279.582305
1734301279.7113056
1734301279.8539314
1734301279.9817014
1734301280.0490067
1734301280.172266
1734301280.3144665
1734301280.442891
1734301280.572141
1734301280.717077
1734301280.8470283
1734301280.9746463
1734301281.1160245
1734301281.242292
1734301281.372541
1734301281.4990702
1734301281.643423
1734301281.7740452
1734301281.9030805
1734301282.047177
1734301282.1723135
1734301282.299221
1734301282.44412
1734301282.571893
1734301282.7018452
1734301282.8466597
1734301282.975436
1734301283.1020863
1734301283.243142
1734301283.3718693
1734301283.4992821
1734301283.6436374
1734301283.7737215
1734301283.9012122
1734301284.0294554
1734301284.1754446
1734301284.2989342
1734301284.4271526
1734301284.5740352
1734301284.701312
1734301284.8286412
1734301284.9735057
1734301285.1030376
1734301285.2275627
1734301285.3720546
1734301285.5003083
1734301285.6278527
1734301285.7733128
1734301285.9011705
1734301286.029631
1734301286.1571136
1734301286.2998664
1734301286.427184
1734301286.5556488
1734301286.7012472
1734301286.8302474
1734301286.9569857
1734301287.1021743
1734301287.2277167
1734301287.3559082
1734301287.5002525
1734301287.630496
1734301287.7570288
1734301287.9019182
1734301288.094224
1734301288.2203574
1734301288.363893
1734301288.4912527
1734301288.6194587
1734301288.7649243
1734301288.892983
1734301289.022281
1734301289.1662683
1734301289.2914739
1734301289.420373
1734301289.5473409
1734301289.6912258
1734301289.8232102
1734301289.9494026
1734301290.0922327
1734301290.220104
1734301290.347427
1734301290.490714
1734301290.6199927
1734301290.7482338
1734301290.8931844
1734301291.020417
1734301291.1522298
1734301291.2912245
1734301291.4192643
1734301291.546822
1734301291.6921542
1734301291.820836
1734301291.9489362
1734301292.157852
1734301292.2841046
1734301292.413654
1734301292.5557497
1734301292.6841848
1734301292.8132737
1734301292.9418323
1734301293.08721
1734301293.217652
1734301293.3452637
1734301293.4829345
1734301293.6114368
1734301293.820307
1734301294.1876335
1734301294.427595
1734301294.6684318
1734301294.9093592
1734301295.1497128
1734301295.3883874
1734301295.6309955
1734301295.8722682
1734301296.2382858
1734301296.4772146
1734301296.7171063
1734301296.9584427
1734301297.1986058
1734301297.4628663
1734301297.679057
1734301297.936117
1734301298.1751442
1734301298.4040022
1734301298.6411624
1734301298.8802238
1734301299.2484276
1734301299.4862723
1734301299.7252026
1734301299.9712985
1734301300.2152784
1734301300.4462223
1734301300.6873507
1734301300.9280007
1734301301.1684809
1734301301.4112782
1734301301.6478708
1734301301.886884
1734301302.2568874
1734301302.4991121
1734301302.7369962
1734301302.9789782
1734301303.2181127
1734301303.4537275
1734301303.6935027
1734301303.937116
1734301304.2295756
1734301304.4342039
1734301304.6752808
1734301304.9182854
1734301305.1641011
1734301305.3905935
1734301305.6295886
1734301305.8734493
1734301306.1123588
1734301306.350308
1734301306.5892768
1734301306.8296597
1734301307.0725374
1734301307.313466
1734301307.5500896
1734301307.7900224
1734301308.0324502
1734301308.2702212
1734301308.5104632
1734301308.7502062
1734301309.0022547
1734301309.1212828
1734301309.3589692
1734301309.5992122
1734301309.839777
1734301310.081077
1734301310.3193135
1734301310.5589595
1734301310.799851
1734301311.0417185
1734301311.2776976
1734301311.5178232
1734301311.75823
1734301312.0021799
1734301312.2549627
1734301312.4942036
1734301312.7342098
1734301312.9862227
1734301313.2151248
1734301313.4630609
1734301313.6942809
1734301313.9345798
1734301314.2863607
1734301314.5253556
1734301314.7664497
1734301315.022268
1734301315.2662456
1734301315.502851
1734301315.7430463
1734301315.9831836
1734301316.2213945
1734301316.4651563
1734301316.7030685
1734301316.9434814
1734301317.1890447
1734301317.4239604
1734301317.6704097
1734301317.9031951
1734301318.1486
1734301318.3870788
1734301318.6240115
1734301318.8629582
1734301319.1030161
1734301319.3442402
1734301319.586273
1734301319.8238888
1734301320.0823994
1734301320.2016878
1734301320.4381373
1734301320.6823454
1734301320.913631
1734301321.1589522
1734301321.3971019
1734301321.633841
1734301321.8814662
1734301322.1300626
1734301322.3543153
1734301322.6083863
1734301322.8453307
1734301323.0898695
1734301323.3375564
1734301323.5704255
1734301323.808054
1734301324.0746822
1734301324.2943943
1734301324.5362
1734301324.7699833
1734301325.0061228
1734301325.2573411
1734301325.4925957
1734301325.7300444
1734301325.9730923
1734301326.2134
1734301326.4499586
1734301326.6901438
1734301326.9395664
1734301327.1748426
1734301327.411137
1734301327.6641715
1734301327.9062035
1734301328.1629035
1734301328.4007301
1734301328.635225
1734301328.8662577
1734301329.1100836
1734301329.2194533
1734301329.4571946
1734301329.6952264
1734301329.9369938
1734301330.177612
1734301330.4389343
1734301330.669589
1734301330.9131224
1734301331.1632092
1734301331.391216
1734301331.6319318
1734301331.873836
1734301332.1110036
1734301332.366348
1734301332.5949712
1734301332.8312092
1734301333.0709617
1734301333.317714
1734301333.5509663
1734301333.7915857
1734301334.0293753
1734301334.1821115
1734301334.4033387
1734301334.6378932
1734301334.881395
1734301335.1243136
1734301335.3630927
1734301335.5990527
1734301335.8378577
1734301336.078221
1734301336.3218527
1734301336.564111
1734301336.8017302
1734301337.0404165
1734301337.2800992
1734301337.5241287
1734301337.760699
1734301338.0138485
1734301338.2616005
1734301338.4999542
1734301338.7381468
1734301338.9763482
1734301339.3308623
1734301339.566242
1734301339.806017
1734301340.0469635
1734301340.2868197
1734301340.547242
1734301340.7822301
1734301341.022573
1734301341.2657776
1734301341.5062065
1734301341.7420485
1734301341.9824436
1734301342.2254744
1734301342.462969
1734301342.6558146
1734301342.782473
1734301342.909755
1734301343.054337
1734301343.1823297
1734301343.31119
1734301343.4422133
1734301343.5807061
1734301343.7091002
